0.000000000000000000e+00
1.238361024114259745e+00
2.027446266154611543e+00
2.089494347176031663e+00
1.424260391749801347e+00
3.090169943749476178e-01
-8.074459519002687991e-01
-1.476333741025234403e+00
-1.420359358488592072e+00
-6.397437096059485073e-01
5.877852522924726930e-01
1.812994494333635576e+00
2.586660138518996455e+00
2.631081660011717727e+00
1.946083747360735972e+00
8.090169943749482284e-01
-3.312425790829305328e-01
-1.025806352546444256e+00
-9.972859801242868194e-01
-2.457940186966955931e-01
9.510565162951525320e-01
2.144153665713579571e+00
2.884400283318995228e+00
2.894227733904785271e+00
2.173597233013215835e+00
9.999999999999976685e-01
-1.775437761566793782e-01
-9.099983312758289644e-01
-9.198257818616187853e-01
-2.069873434563163084e-01
9.510565162951521989e-01
2.105346990473196289e+00
2.806940085056325973e+00
2.778419712634168981e+00
2.019898430086956687e+00
8.090169943749420112e-01
-4.050572618091612398e-01
-1.173144405168894844e+00
-1.217565926661619002e+00
-5.381465148362579720e-01
5.877852522924712497e-01
1.711397299563946817e+00
2.383866706692023829e+00
2.327892324155377946e+00
1.543695057269626192e+00
3.090169943749497272e-01
-9.268806174200896475e-01
-1.714731718004581795e+00
-1.776779799026001694e+00
-1.112779985055628806e+00
4.778598439221030888e-15
1.112779985055636800e+00
1.776779799026006579e+00
1.714731718004581351e+00
9.268806174200938663e-01
-3.090169943749516701e-01
-1.543695057269621973e+00
-2.327892324155381054e+00
-2.383866706692023385e+00
-1.711397299563939711e+00
-5.877852522924759127e-01
5.381465148362599704e-01
1.217565926661617448e+00
1.173144405168894622e+00
4.050572618091593524e-01
-8.090169943749512260e-01
-2.019898430086970453e+00
-2.778419712634172090e+00
-2.806940085056323753e+00
-2.105346990473194513e+00
-9.510565162951427620e-01
2.069873434563179737e-01
9.198257818616216719e-01
9.099983312758326282e-01
1.775437761566776018e-01
-1.000000000000003331e+00
-2.173597233013214947e+00
-2.894227733904786160e+00
-2.884400283318997005e+00
-2.144153665713574686e+00
-9.510565162951575280e-01
2.457940186966974805e-01
9.972859801242908162e-01
1.025806352546442923e+00
3.312425790829230943e-01
-8.090169943749504489e-01
-1.946083747360743299e+00
-2.631081660011723944e+00
-2.586660138518997343e+00
-1.812994494333645790e+00
-5.877852522924778000e-01
6.397437096059513939e-01
1.420359358488590296e+00
1.476333741025233515e+00
8.074459519002721297e-01
-3.090169943749500603e-01
-1.424260391749808452e+00
-2.089494347176032552e+00
-2.027446266154608878e+00
-1.238361024114257747e+00
9.067338158783121184e-15
1.238361024114261744e+00
2.027446266154614207e+00
2.089494347176027222e+00
1.424260391749782251e+00
3.090169943749452308e-01
-8.074459519002762375e-01
-1.476333741025230850e+00
-1.420359358488593848e+00
-6.397437096059480632e-01
5.877852522924816858e-01
1.812994494333648898e+00
2.586660138518994234e+00
2.631081660011717727e+00
1.946083747360728422e+00
8.090169943749315751e-01
-3.312425790829264249e-01
-1.025806352546443811e+00
-9.972859801242849320e-01
-2.457940186966823815e-01
9.510565162951476470e-01
2.144153665713578238e+00
2.884400283318998337e+00
2.894227733904789268e+00
2.173597233013222940e+00
9.999999999999990008e-01
-1.775437761566811545e-01
-9.099983312758338494e-01
-9.198257818616204506e-01
-2.069873434563145320e-01
9.510565162951615248e-01
2.105346990473210056e+00
2.806940085056333078e+00
2.778419712634170313e+00
2.019898430086954910e+00
8.090169943749330184e-01
-4.050572618091752286e-01
-1.173144405168896398e+00
-1.217565926661616338e+00
-5.381465148362447604e-01
5.877852522924948975e-01
1.711397299563965024e+00
2.383866706692023829e+00
2.327892324155374837e+00
1.543695057269606874e+00
3.090169943749477843e-01
-9.268806174200734382e-01
-1.714731718004576910e+00
-1.776779799026003692e+00
-1.112779985055633025e+00
7.230367960062090806e-15
1.112779985055621923e+00
1.776779799026001694e+00
1.714731718004584016e+00
9.268806174200862058e-01
-3.090169943749607739e-01
-1.543695057269617310e+00
-2.327892324155378834e+00
-2.383866706692020720e+00
-1.711397299563931940e+00
-5.877852522924806866e-01
5.381465148362565287e-01
1.217565926661619891e+00
1.173144405168891291e+00
4.050572618091405896e-01
-8.090169943749462300e-01
-2.019898430086966901e+00
-2.778419712634175198e+00
-2.806940085056320644e+00
-2.105346990473175417e+00
-9.510565162951475360e-01
2.069873434563253012e-01
9.198257818616244474e-01
9.099983312758209708e-01
1.775437761566471817e-01
-1.000000000000012657e+00
-2.173597233013210950e+00
-2.894227733904784827e+00
-2.884400283319003222e+00
-2.144153665713590229e+00
-9.510565162951625240e-01
2.457940186966932616e-01
9.972859801242888178e-01
1.025806352546447808e+00
3.312425790829385264e-01
-8.090169943749456749e-01
-1.946083747360740190e+00
-2.631081660011723056e+00
-2.586660138518998231e+00
-1.812994494333637796e+00
-5.877852522924685852e-01
6.397437096059587214e-01
1.420359358488598289e+00
1.476333741025235513e+00
8.074459519002643582e-01
-3.090169943749596637e-01
-1.424260391749817112e+00
-2.089494347176039213e+00
-2.027446266154609766e+00
-1.238361024114250419e+00
1.813467631756624237e-14
1.238361024114281284e+00
2.027446266154613319e+00
2.089494347176028555e+00
1.424260391749786026e+00
3.090169943749231374e-01
-8.074459519002936680e-01
-1.476333741025246171e+00
-1.420359358488577195e+00
-6.397437096059537254e-01
5.877852522924765788e-01
1.812994494333644235e+00
2.586660138519000451e+00
2.631081660011727497e+00
1.946083747360755289e+00
8.090169943749647707e-01
-3.312425790829229832e-01
-1.025806352546442923e+00
-9.972859801242863753e-01
-2.457940186966862672e-01
9.510565162951710727e-01
2.144153665713597334e+00
2.884400283319005887e+00
2.894227733904790600e+00
2.173597233013226493e+00
1.000000000000003997e+00
-1.775437761566770467e-01
-9.099983312758326282e-01
-9.198257818616131232e-01
-2.069873434562953252e-01
9.510565162951851725e-01
2.105346990473228708e+00
2.806940085056322864e+00
2.778419712634171646e+00
2.019898430086959351e+00
8.090169943749369041e-01
-4.050572618091711208e-01
-1.173144405168903504e+00
-1.217565926661608788e+00
-5.381465148362255535e-01
5.877852522924618128e-01
1.711397299563939933e+00
2.383866706692024273e+00
2.327892324155378390e+00
1.543695057269611093e+00
3.090169943749244696e-01
-9.268806174200692194e-01
-1.714731718004575356e+00
-1.776779799026006579e+00
-1.112779985055636578e+00
2.576710123302148471e-15
1.112779985055641241e+00
1.776779799026009243e+00
1.714731718004575356e+00
9.268806174200673320e-01
-3.090169943749289105e-01
-1.543695057269614868e+00
-2.327892324155378390e+00
-2.383866706692022053e+00
-1.711397299563935714e+00
-5.877852522924569278e-01
5.381465148362757356e-01
1.217565926661628772e+00
1.173144405168883075e+00
4.050572618091206056e-01
-8.090169943749422332e-01
-2.019898430086962904e+00
-2.778419712634173422e+00
-2.806940085056321976e+00
-2.105346990473179414e+00
-9.510565162951239992e-01
2.069873434563449521e-01
9.198257818616315529e-01
9.099983312758134213e-01
1.775437761566739381e-01
-1.000000000000007772e+00
-2.173597233013230046e+00
-2.894227733904791933e+00
-2.884400283318986791e+00
-2.144153665713548484e+00
-9.510565162951106766e-01
2.457940186967364493e-01
9.972859801243062483e-01
1.025806352546424716e+00
3.312425790829202077e-01
-8.090169943749683235e-01
-1.946083747360758176e+00
-2.631081660011729273e+00
-2.586660138518982688e+00
-1.812994494333642015e+00
-5.877852522924736922e-01
6.397437096059085393e-01
1.420359358488577417e+00
1.476333741025243951e+00
8.074459519002894492e-01
-3.090169943749282444e-01
-1.424260391749792021e+00
-2.089494347176032552e+00
-2.027446266154611543e+00
-1.238361024114254638e+00
1.299115976114735668e-14
1.238361024114229547e+00
2.027446266154600885e+00
2.089494347176036992e+00
1.424260391749810895e+00
3.090169943749528358e-01
-8.074459519002703534e-01
-1.476333741025236179e+00
-1.420359358488587853e+00
-6.397437096059335193e-01
5.877852522924998935e-01
1.812994494333617146e+00
2.586660138518990237e+00
2.631081660011719947e+00
1.946083747360734861e+00
8.090169943749421222e-01
-3.312425790829413019e-01
-1.025806352546449585e+00
-9.972859801242793809e-01
-2.457940186966675045e-01
9.510565162951376550e-01
2.144153665713570245e+00
2.884400283318995228e+00
2.894227733904783051e+00
2.173597233013207841e+00
9.999999999999803491e-01
-1.775437761566962536e-01
-9.099983312758397336e-01
-9.198257818616059067e-01
-2.069873434562764514e-01
9.510565162951518658e-01
2.105346990473202062e+00
2.806940085056329526e+00
2.778419712634164096e+00
2.019898430086939367e+00
8.090169943749135895e-01
-4.050572618091901056e-01
-1.173144405168910387e+00
-1.217565926661601683e+00
-5.381465148362524209e-01
5.877852522924855716e-01
1.711397299563956143e+00
2.383866706692028714e+00
2.327892324155368176e+00
1.543695057269590665e+00
3.090169943748994896e-01
-9.268806174201358328e-01
-1.714731718004601557e+00
-1.776779799025981488e+00
-1.112779985055617482e+00
2.279204803814571027e-14
1.112779985055657006e+00
1.776779799025999029e+00
1.714731718004587568e+00
9.268806174200960868e-01
-3.090169943749488390e-01
-1.543695057269584225e+00
-2.327892324155364623e+00
-2.383866706692032267e+00
-1.711397299563962360e+00
-5.877852522924901235e-01
5.381465148362488682e-01
1.217565926661618558e+00
1.173144405168895732e+00
4.050572618091498045e-01
-8.090169943749635495e-01
-2.019898430086933594e+00
-2.778419712634162764e+00
-2.806940085056332190e+00
-2.105346990473206503e+00
-9.510565162951571949e-01
2.069873434563178627e-01
9.198257818616220050e-01
9.099983312758241905e-01
1.775437761566550643e-01
-9.999999999999745759e-01
-2.173597233013202956e+00
-2.894227733904781275e+00
-2.884400283318997005e+00
-2.144153665713575130e+00
-9.510565162951440943e-01
2.457940186967079166e-01
9.972859801242943689e-01
1.025806352546432931e+00
3.312425790829010008e-01
-8.090169943749351278e-01
-1.946083747360731309e+00
-2.631081660011719503e+00
-2.586660138518992902e+00
-1.812994494333623141e+00
-5.877852522924503775e-01
6.397437096059731543e-01
1.420359358488602064e+00
1.476333741025221968e+00
8.074459519002274988e-01
-3.090169943749486170e-01
-1.424260391749808008e+00
-2.089494347176036548e+00
-2.027446266154604437e+00
-1.238361024114235764e+00
3.626935263513248474e-14
1.238361024114297493e+00
2.027446266154629306e+00
2.089494347176015232e+00
1.424260391749795129e+00
3.090169943749324633e-01
-8.074459519002863406e-01
-1.476333741025243729e+00
-1.420359358488580748e+00
-6.397437096059606088e-01
5.877852522925260947e-01
1.812994494333638684e+00
2.586660138519017327e+00
2.631081660011715062e+00
1.946083747360672023e+00
8.090169943749184744e-01
-3.312425790830064720e-01
-1.025806352546423605e+00
-9.972859801242911493e-01
-2.457940186967404461e-01
9.510565162951611917e-01
2.144153665713543155e+00
2.884400283319002334e+00
2.894227733904793265e+00
2.173597233013188301e+00
1.000000000000013767e+00
-1.775437761566232009e-01
-9.099983312758294085e-01
-9.198257818616336623e-01
-2.069873434563032077e-01
9.510565162951185592e-01
2.105346990473221158e+00
2.806940085056321088e+00
2.778419712634158323e+00
2.019898430086968233e+00
8.090169943748922732e-01
-4.050572618091630162e-01
-1.173144405168882409e+00
-1.217565926661611675e+00
-5.381465148362790663e-01
5.877852522925093304e-01
1.711397299563932384e+00
2.383866706692039372e+00
2.327892324155381942e+00
1.543695057269572013e+00
3.090169943749330739e-01
-9.268806174200627801e-01
-1.714731718004591121e+00
-1.776779799026009243e+00
-1.112779985055598164e+00
-6.730605550217735016e-15
1.112779985055679655e+00
1.776779799026006579e+00
1.714731718004559591e+00
9.268806174200741044e-01
-3.090169943749186410e-01
-1.543695057269652615e+00
-2.327892324155374837e+00
-2.383866706692006954e+00
-1.711397299563943264e+00
-5.877852522924095213e-01
5.381465148362681861e-01
1.217565926661640763e+00
1.173144405168886406e+00
4.050572618091747845e-01
-8.090169943749889736e-01
-2.019898430086954466e+00
-2.778419712634187633e+00
-2.806940085056324641e+00
-2.105346990473141222e+00
-9.510565162951346574e-01
2.069873434563821446e-01
9.198257818616285553e-01
9.099983312757990994e-01
1.775437761566359685e-01
-9.999999999999980016e-01
-2.173597233013268237e+00
-2.894227733904788824e+00
-2.884400283318972580e+00
-2.144153665713555590e+00
-9.510565162951775120e-01
2.457940186966349749e-01
9.972859801242838218e-01
1.025806352546460687e+00
3.312425790829259808e-01
-8.090169943749040415e-01
-1.946083747360753069e+00
-2.631081660011711509e+00
-2.586660138518986241e+00
-1.812994494333650231e+00
-5.877852522924270628e-01
6.397437096059460648e-01
1.420359358488573864e+00
1.476333741025229074e+00
8.074459519002969987e-01
-3.090169943749757619e-01
-1.424260391749781141e+00
-2.089494347176044098e+00
-2.027446266154615095e+00
-1.238361024114217113e+00
2.704126648309590824e-15
1.238361024114220887e+00
2.027446266154615095e+00
2.089494347176039213e+00
1.424260391749772481e+00
3.090169943749656034e-01
-8.074459519003056585e-01
-1.476333741025233515e+00
-1.420359358488573642e+00
-6.397437096059417350e-01
5.877852522924358336e-01
1.812994494333654671e+00
2.586660138518989349e+00
2.631081660011704848e+00
1.946083747360745075e+00
8.090169943748927173e-01
-3.312425790829335304e-01
-1.025806352546466016e+00
-9.972859801242824895e-01
-2.457940186966282026e-01
9.510565162951846174e-01
2.144153665713563139e+00
2.884400283319009439e+00
2.894227733904786604e+00
2.173597233013169649e+00
9.999999999999902300e-01
-1.775437761567344452e-01
-9.099983312758367360e-01
-9.198257818615918069e-01
-2.069873434562841119e-01
9.510565162951410967e-01
2.105346990473240254e+00
2.806940085056326861e+00
2.778419712634151217e+00
2.019898430086947805e+00
8.090169943748646286e-01
-4.050572618091817789e-01
-1.173144405168927040e+00
-1.217565926661604125e+00
-5.381465148362625239e-01
5.877852522925330891e-01
1.711397299563948593e+00
2.383866706692046922e+00
2.327892324155371728e+00
1.543695057269549809e+00
3.090169943749097592e-01
-9.268806174201766890e-01
-1.714731718004598227e+00
-1.776779799026005247e+00
-1.112779985055578846e+00
1.348473236462582797e-14
1.112779985055698972e+00
1.776779799026010576e+00
1.714731718004548933e+00
9.268806174200552306e-01
-3.090169943750590287e-01
-1.543695057269671267e+00
-2.327892324155420578e+00
-2.383866706691999404e+00
-1.711397299563926833e+00
-5.877852522923857626e-01
5.381465148362847284e-01
1.217565926661645870e+00
1.173144405168879079e+00
4.050572618090616528e-01
-8.090169943750123993e-01
-2.019898430087067265e+00
-2.778419712634194738e+00
-2.806940085056318868e+00
-2.105346990473122126e+00
-9.510565162951110096e-01
2.069873434564004633e-01
9.198257818616358827e-01
9.099983312757913279e-01
1.775437761566169836e-01
-1.000000000000135225e+00
-2.173597233013286889e+00
-2.894227733904761291e+00
-2.884400283319000557e+00
-2.144153665713630197e+00
-9.510565162951539753e-01
2.457940186966527385e-01
9.972859801242559552e-01
1.025806352546451805e+00
3.312425790829987005e-01
-8.090169943749299097e-01
-1.946083747360680016e+00
-2.631081660011716394e+00
-2.586660138519016883e+00
-1.812994494333631579e+00
-5.877852522925202106e-01
6.397437096059650496e-01
1.420359358488577861e+00
1.476333741025256607e+00
8.074459519002743502e-01
-3.090169943748858339e-01
-1.424260391749800458e+00
-2.089494347176020117e+00
-2.027446266154607990e+00
-1.238361024114293940e+00
2.598231952229471336e-14
1.238361024114236209e+00
2.027446266154587118e+00
2.089494347176028555e+00
1.424260391749845089e+00
3.090169943749418446e-01
-8.074459519002361585e-01
-1.476333741025241064e+00
-1.420359358488604951e+00
-6.397437096059230832e-01
5.877852522924533751e-01
1.812994494333581397e+00
2.586660138518991126e+00
2.631081660011732826e+00
1.946083747360725535e+00
8.090169943749826453e-01
-3.312425790829527372e-01
-1.025806352546438260e+00
-9.972859801242754951e-01
-2.457940186967039198e-01
9.510565162952079321e-01
2.144153665713582235e+00
2.884400283318981462e+00
2.894227733904779498e+00
2.173597233013242480e+00
9.999999999999666933e-01
-1.775437761566611705e-01
-9.099983312758438414e-01
-9.198257818616184522e-01
-2.069873434562651271e-01
9.510565162951647444e-01
2.105346990473167423e+00
2.806940085056333967e+00
2.778419712634179639e+00
2.019898430086928709e+00
8.090169943749591086e-01
-4.050572618092006527e-01
-1.173144405168894178e+00
-1.217565926661596798e+00
-5.381465148362435391e-01
5.877852522924430501e-01
1.711397299563967911e+00
2.383866706692018944e+00
2.327892324155364623e+00
1.543695057269629523e+00
3.090169943748864445e-01
-9.268806174200967529e-01
-1.714731718004605332e+00
-1.776779799025997697e+00
-1.112779985055651677e+00
3.725278395826989189e-14
1.112779985055626142e+00
1.776779799026018125e+00
1.714731718004584016e+00
9.268806174200363568e-01
-3.090169943749618842e-01
-1.543695057269689919e+00
-2.327892324155392600e+00
-2.383866706691991855e+00
-1.711397299563907737e+00
-5.877852522924756906e-01
5.381465148363039352e-01
1.217565926661623443e+00
1.173144405168871973e+00
4.050572618091347055e-01
-8.090169943750358250e-01
-2.019898430086993990e+00
-2.778419712634202288e+00
-2.806940085056311318e+00
-2.105346990473194957e+00
-9.510565162950875839e-01
2.069873434563291870e-01
9.198257818616432102e-01
9.099983312758190834e-01
1.775437761565978878e-01
-1.000000000000045075e+00
-2.173597233013305985e+00
-2.894227733904803035e+00
-2.884400283318993008e+00
-2.144153665713517398e+00
-9.510565162951305496e-01
2.457940186967660923e-01
9.972859801243013633e-01
1.025806352546412725e+00
3.312425790828913419e-01
-8.090169943750630255e-01
-1.946083747360786820e+00
-2.631081660011759027e+00
-2.586660138518969365e+00
-1.812994494333612483e+00
-5.877852522923774359e-01
6.397437096059896966e-01
1.420359358488626267e+00
1.476333741025220414e+00
8.074459519001697672e-01
-3.090169943750165071e-01
-1.424260391749911703e+00
-2.089494347176055644e+00
-2.027446266154600885e+00
-1.238361024114176034e+00
5.636593975388084012e-14
1.238361024114353892e+00
2.027446266154635968e+00
2.089494347175992583e+00
1.424260391749825994e+00
3.090169943750250003e-01
-8.074459519002554764e-01
-1.476333741025213531e+00
-1.420359358488597845e+00
-6.397437096059961359e-01
5.877852522924766898e-01
1.812994494333600493e+00
2.586660138518963148e+00
2.631081660011725276e+00
1.946083747360793925e+00
8.090169943749589976e-01
-3.312425790828801286e-01
-1.025806352546445588e+00
-9.972859801243032507e-01
-2.457940186966849350e-01
9.510565162951176710e-01
2.144153665713599111e+00
2.884400283318989011e+00
2.894227733904806144e+00
2.173597233013223384e+00
1.000000000000056843e+00
-1.775437761566802664e-01
-9.099983312758160858e-01
-9.198257818616111248e-01
-2.069873434563378467e-01
9.510565162951905016e-01
2.105346990473186963e+00
2.806940085056309542e+00
2.778419712634172090e+00
2.019898430087001984e+00
8.090169943749357939e-01
-4.050572618091277111e-01
-1.173144405168901283e+00
-1.217565926661624331e+00
-5.381465148362187811e-01
5.877852522924666978e-01
1.711397299563901075e+00
2.383866706692026494e+00
2.327892324155392600e+00
1.543695057269610871e+00
3.090169943749768167e-01
-9.268806174201156267e-01
-1.714731718004577132e+00
-1.776779799025983264e+00
-1.112779985055632359e+00
-4.556057481210107050e-14
1.112779985055645460e+00
1.776779799025990592e+00
1.714731718004577132e+00
9.268806174201096315e-01
-3.090169943749851433e-01
-1.543695057269617088e+00
-2.327892324155393045e+00
-2.383866706692019832e+00
-1.711397299563888419e+00
-5.877852522924519318e-01
5.381465148362311046e-01
1.217565926661630549e+00
1.173144405168900173e+00
4.050572618091204946e-01
-8.090169943749453418e-01
-2.019898430087009533e+00
-2.778419712634174310e+00
-2.806940085056304213e+00
-2.105346990473175861e+00
-9.510565162951776230e-01
2.069873434563483938e-01
9.198257818616153436e-01
9.099983312758129772e-01
1.775437761566709405e-01
-1.000000000000068612e+00
-2.173597233013233154e+00
-2.894227733904810584e+00
-2.884400283318985903e+00
-2.144153665713590229e+00
-9.510565162951071239e-01
2.457940186966931506e-01
9.972859801243052491e-01
1.025806352546440259e+00
3.312425790828685823e-01
-8.090169943749730974e-01
-1.946083747360805916e+00
-2.631081660011731493e+00
-2.586660138518961816e+00
-1.812994494333593831e+00
-5.877852522924679191e-01
6.397437096060025752e-01
1.420359358488598067e+00
1.476333741025206425e+00
8.074459519002424868e-01
-3.090169943750402659e-01
-1.424260391749839094e+00
-2.089494347176063194e+00
-2.027446266154593779e+00
-1.238361024114249087e+00
7.253870527026496947e-14
1.238361024114280839e+00
2.027446266154643073e+00
2.089494347176020117e+00
1.424260391749721633e+00
3.090169943748942716e-01
-8.074459519003600594e-01
-1.476333741025256163e+00
-1.420359358488584522e+00
-6.397437096058853356e-01
5.877852522925057777e-01
1.812994494333716844e+00
2.586660138519010665e+00
2.631081660011687529e+00
1.946083747360687344e+00
8.090169943748258818e-01
-3.312425790829912620e-01
-1.025806352546449807e+00
-9.972859801242960343e-01
-2.457940186965713592e-01
9.510565162952571150e-01
2.144153665713619983e+00
2.884400283318997449e+00
2.894227733904729316e+00
2.173597233013112806e+00
9.999999999999196199e-01
-1.775437761566995842e-01
-9.099983312758233023e-01
-9.198257818615699355e-01
-2.069873434562286008e-01
9.510565162952119289e-01
2.105346990473203395e+00
2.806940085056384149e+00
2.778419712634200067e+00
2.019898430087078367e+00
8.090169943749123682e-01
-4.050572618091419219e-01
-1.173144405168873305e+00
-1.217565926661652087e+00
-5.381465148361994633e-01
5.877852522924904566e-01
1.711397299563920393e+00
2.383866706691998960e+00
2.327892324155427239e+00
1.543695057269591997e+00
3.090169943749536130e-01
-9.268806174200423520e-01
-1.714731718004548933e+00
-1.776779799025975715e+00
-1.112779985055613041e+00
-2.179252321845700185e-14
1.112779985055572851e+00
1.776779799025969941e+00
1.714731718004570027e+00
9.268806174200907577e-01
-3.090169943748947712e-01
-1.543695057269543591e+00
-2.327892324155400150e+00
-2.383866706692012283e+00
-1.711397299563955254e+00
-5.877852522925419709e-01
5.381465148361637141e-01
1.217565926661638098e+00
1.173144405168893067e+00
4.050572618091935473e-01
-8.090169943748550807e-01
-2.019898430087028185e+00
-2.778419712634181415e+00
-2.806940085056329082e+00
-2.105346990473248692e+00
-9.510565162950381790e-01
2.069873434563674897e-01
9.198257818616226711e-01
9.099983312758407328e-01
1.775437761567437711e-01
-1.000000000000092149e+00
-2.173597233013252250e+00
-2.894227733904783051e+00
-2.884400283319013880e+00
-2.144153665713480983e+00
-9.510565162950835871e-01
2.457940186967121354e-01
9.972859801242773825e-01
1.025806352546468014e+00
3.312425790828493755e-01
-8.090169943749967452e-01
-1.946083747360737526e+00
-2.631081660011703960e+00
-2.586660138518955154e+00
-1.812994494333574735e+00
-5.877852522924446044e-01
6.397437096059295225e-01
1.420359358488570090e+00
1.476333741025199098e+00
8.074459519002231689e-01
-3.090169943749571102e-01
-1.424260391749766264e+00
-2.089494347176070743e+00
-2.027446266154587118e+00
-1.238361024114230435e+00
-1.786993957736594168e-14
1.238361024114207565e+00
2.027446266154643073e+00
2.089494347176013012e+00
1.424260391749787358e+00
3.090169943749842552e-01
-8.074459519003791552e-01
-1.476333741025263491e+00
-1.420359358488577639e+00
-6.397437096059586104e-01
5.877852522924154055e-01
1.812994494333730167e+00
2.586660138519017771e+00
2.631081660011710621e+00
1.946083747360760174e+00
8.090169943748022341e-01
-3.312425790830102468e-01
-1.025806352546457134e+00
-9.972859801242890398e-01
-2.457940186967364493e-01
9.510565162952783202e-01
2.144153665713639079e+00
2.884400283319003222e+00
2.894227733904792377e+00
2.173597233013093710e+00
9.999999999998960831e-01
-1.775437761567186801e-01
-9.099983312758304077e-01
-9.198257818616329962e-01
-2.069873434562078396e-01
9.510565162952355767e-01
2.105346990473225155e+00
2.806940085056321088e+00
2.778419712634119243e+00
2.019898430086871866e+00
8.090169943748849457e-01
-4.050572618091653476e-01
-1.173144405168955462e+00
-1.217565926661574371e+00
-5.381465148361858075e-01
5.877852522925084422e-01
1.711397299563933494e+00
2.383866706692070458e+00
2.327892324155343307e+00
1.543695057269566462e+00
3.090169943749302983e-01
-9.268806174202519621e-01
-1.714731718004626204e+00
-1.776779799025975271e+00
-1.112779985055600829e+00
-5.129898982413939792e-15
1.112779985055769139e+00
1.776779799026040774e+00
1.714731718004555816e+00
9.268806174200718839e-01
-3.090169943751521764e-01
-1.543695057269746318e+00
-2.327892324155413473e+00
-2.383866706692010951e+00
-1.711397299563941932e+00
-5.877852522925183232e-01
5.381465148361830320e-01
1.217565926661575482e+00
1.173144405168890625e+00
4.050572618091745625e-01
-8.090169943748742876e-01
-2.019898430086863428e+00
-2.778419712634188521e+00
-2.806940085056321532e+00
-2.105346990473229596e+00
-9.510565162952419049e-01
2.069873434563866965e-01
9.198257818616314418e-01
9.099983312758334053e-01
1.775437761567253414e-01
-9.999999999998883116e-01
-2.173597233013271346e+00
-2.894227733904790600e+00
-2.884400283319006331e+00
-2.144153665713646184e+00
-9.510565162950601614e-01
2.457940186967283447e-01
9.972859801242845990e-01
1.025806352546460687e+00
3.312425790830141326e-01
-8.090169943750202819e-01
-1.946083747360756844e+00
-2.631081660011711065e+00
-2.586660138519023100e+00
-1.812994494333556084e+00
-5.877852522924269518e-01
6.397437096059481743e-01
1.420359358488577195e+00
1.476333741025261714e+00
8.074459519002038510e-01
-3.090169943749808690e-01
-1.424260391749785581e+00
-2.089494347176015232e+00
-2.027446266154580012e+00
-1.238361024114218667e+00
5.408253296619181648e-15
1.238361024114417619e+00
2.027446266154580012e+00
2.089494347176012123e+00
1.424260391749768040e+00
3.090169943747398951e-01
-8.074459519002212815e-01
-1.476333741025264601e+00
-1.420359358488576751e+00
-6.397437096057497774e-01
5.877852522924387202e-01
1.812994494333754147e+00
2.586660138519024876e+00
2.631081660011637346e+00
1.946083747360741079e+00
8.090169943747785863e-01
-3.312425790830294536e-01
-1.025806352546464462e+00
-9.972859801242818234e-01
-2.457940186965336116e-01
9.510565162950765927e-01
2.144153665713659507e+00
2.884400283319010327e+00
2.894227733904714661e+00
2.173597233013258467e+00
1.000000000000099920e+00
-1.775437761567372208e-01
-9.099983312757675691e-01
-9.198257818616255577e-01
-2.069873434563708203e-01
9.510565162952613338e-01
2.105346990473059954e+00
2.806940085056328194e+00
2.778419712634189409e+00
2.019898430086856767e+00
8.090169943750931125e-01
-4.050572618091843324e-01
-1.173144405168882631e+00
-1.217565926661571929e+00
-5.381465148363449025e-01
5.877852522925378631e-01
1.711397299563964802e+00
2.383866706692007398e+00
2.327892324155413029e+00
1.543695057269554249e+00
3.090169943751343573e-01
-9.268806174200869830e-01
-1.714731718004556038e+00
-1.776779799025960616e+00
-1.112779985055758480e+00
1.863815261123012412e-14
1.112779985055618592e+00
1.776779799026041218e+00
1.714731718004626204e+00
9.268806174200532322e-01
-3.090169943749345727e-01
-1.543695057269771853e+00
-2.327892324155343751e+00
-2.383866706691997184e+00
-1.711397299563910845e+00
-5.877852522925003376e-01
5.381465148362022388e-01
1.217565926661653197e+00
1.173144405168949245e+00
4.050572618091513588e-01
-8.090169943748977133e-01
-2.019898430087065933e+00
-2.778419712634125460e+00
-2.806940085056317535e+00
-2.105346990473207835e+00
-9.510565162949953244e-01
2.069873434562217174e-01
9.198257818616374371e-01
9.099983312758272991e-01
1.775437761565212824e-01
-9.999999999999118483e-01
-2.173597233013290442e+00
-2.894227733904798594e+00
-2.884400283318997893e+00
-2.144153665713627088e+00
-9.510565162950368467e-01
2.457940186967498830e-01
9.972859801242947020e-01
1.025806352546450029e+00
3.312425790828110728e-01
-8.090169943748165560e-01
-1.946083747360771721e+00
-2.631081660011723500e+00
-2.586660138518935614e+00
-1.812994494333721285e+00
-5.877852522923978640e-01
6.397437096059610528e-01
1.420359358488660906e+00
1.476333741025254387e+00
8.074459519001847552e-01
-3.090169943749978554e-01
-1.424260391749797794e+00
-2.089494347176022337e+00
-2.027446266154572907e+00
-1.238361024114192688e+00
3.579187352820530367e-14
1.238361024114238207e+00
2.027446266154657284e+00
2.089494347176068079e+00
1.424260391749755827e+00
3.090169943749299653e-01
-8.074459519004112407e-01
-1.476333741025208202e+00
-1.420359358488563206e+00
-6.397437096059267470e-01
5.877852522926951817e-01
1.812994494333583839e+00
2.586660138519031982e+00
2.631081660011700407e+00
1.946083747360542127e+00
8.090169943749780934e-01
-3.312425790830486605e-01
-1.025806352546471789e+00
-9.972859801242716093e-01
-2.457940186967010332e-01
9.510565162953252827e-01
2.144153665713492973e+00
2.884400283319019209e+00
2.894227733904776834e+00
2.173597233013055963e+00
1.000000000000076383e+00
-1.775437761567567607e-01
-9.099983312758440634e-01
-9.198257818615493964e-01
-2.069873434563536119e-01
9.510565162952826501e-01
2.105346990473260682e+00
2.806940085056402800e+00
2.778419712634178751e+00
2.019898430086834118e+00
8.090169943748380943e-01
-4.050572618092075361e-01
-1.173144405168894622e+00
-1.217565926661559494e+00
-5.381465148361472828e-01
5.877852522925558487e-01
1.711397299563978125e+00
2.383866706692079340e+00
2.327892324155399706e+00
1.543695057269528936e+00
3.090169943748904413e-01
-9.268806174202965931e-01
-1.714731718004570027e+00
-1.776779799025960394e+00
-1.112779985055562193e+00
2.626744522905052472e-13
1.112779985055630805e+00
1.776779799026055651e+00
1.714731718004542049e+00
9.268806174202250947e-01
-3.090169943749646597e-01
-1.543695057269599991e+00
-2.327892324155427684e+00
-2.383866706692053583e+00
-1.711397299563897523e+00
-5.877852522924708056e-01
5.381465148362161166e-01
1.217565926661595466e+00
1.173144405168876636e+00
4.050572618093207788e-01
-8.090169943749252468e-01
-2.019898430086897179e+00
-2.778419712634206284e+00
-2.806940085056377043e+00
-2.105346990473191404e+00
-9.510565162951925000e-01
2.069873434564230008e-01
9.198257818615757087e-01
9.099983312758190834e-01
1.775437761566867056e-01
-1.000000000000162759e+00
-2.173597233013125685e+00
-2.894227733904805255e+00
-2.884400283318992120e+00
-2.144153665713606660e+00
-9.510565162952429041e-01
2.457940186967663143e-01
9.972859801242989208e-01
1.025806352546446032e+00
3.312425790829719441e-01
-8.090169943750634696e-01
-1.946083747360611405e+00
-2.631081660011726164e+00
-2.586660138519014218e+00
-1.812994494333512785e+00
-5.877852522926076961e-01
6.397437096059859218e-01
1.420359358488591184e+00
1.476333741025182889e+00
8.074459519003427399e-01
-3.090169943750283310e-01
-1.424260391749823995e+00
-2.089494347176022782e+00
-2.027446266154643073e+00
-1.238361024114166709e+00
5.196463904458942672e-14
1.238361024114264186e+00
2.027446266154586674e+00
2.089494347175997024e+00
1.424260391749913479e+00
3.090169943749129233e-01
-8.074459519002663566e-01
-1.476333741025279700e+00
-1.420359358488632928e+00
-6.397437096059021000e-01
5.877852522924853496e-01
1.812994494333792117e+00
2.586660138518963592e+00
2.631081660011687973e+00
1.946083747360702443e+00
8.090169943747311798e-01
-3.312425790828876782e-01
-1.025806352546475786e+00
-9.972859801242673905e-01
-2.457940186966796059e-01
9.510565162951191143e-01
2.144153665713697698e+00
2.884400283318954372e+00
2.894227733904770616e+00
2.173597233013219387e+00
9.999999999998255840e-01
-1.775437761565913375e-01
-9.099983312758522791e-01
-9.198257818616107917e-01
-2.069873434561522174e-01
9.510565162950811446e-01
2.105346990473282442e+00
2.806940085056343293e+00
2.778419712634097927e+00
2.019898430087002872e+00
8.090169943748105608e-01
-4.050572618092219690e-01
-1.173144405168906612e+00
-1.217565926661617226e+00
-5.381465148361337381e-01
5.877852522925853807e-01
1.711397299563991226e+00
2.383866706692022497e+00
2.327892324155315773e+00
1.543695057269700799e+00
3.090169943748604098e-01
-9.268806174201243975e-01
-1.714731718004654404e+00
-1.776779799026015905e+00
-1.112779985055535992e+00
6.617425579851824880e-14
1.112779985055826870e+00
1.776779799026000140e+00
1.714731718004527838e+00
9.268806174200155956e-01
-3.090169943749946913e-01
-1.543695057269612203e+00
-2.327892324155441006e+00
-2.383866706691982529e+00
-1.711397299563884200e+00
-5.877852522924528200e-01
5.381465148364137363e-01
1.217565926661597686e+00
1.173144405168864646e+00
4.050572618091133892e-01
-8.090169943751801540e-01
-2.019898430086919827e+00
-2.778419712634209837e+00
-2.806940085056302436e+00
-2.105346990472990676e+00
-9.510565162951710727e-01
2.069873434564404313e-01
9.198257818616519810e-01
9.099983312757407017e-01
1.775437761566681649e-01
-1.000000000000186295e+00
-2.173597233013328189e+00
-2.894227733904811473e+00
-2.884400283318983682e+00
-2.144153665713401935e+00
-9.510565162952172580e-01
2.457940186965986706e-01
9.972859801243091349e-01
1.025806352546434930e+00
3.312425790829567340e-01
-8.090169943748639625e-01
-1.946083747360809912e+00
-2.631081660011668433e+00
-2.586660138519002228e+00
-1.812994494333683537e+00
-5.877852522923512346e-01
6.397437096058148365e-01
1.420359358488592072e+00
1.476333741025239288e+00
8.074459519001461194e-01
-3.090169943748314885e-01
-1.424260391749836430e+00
-2.089494347176037436e+00
-2.027446266154629306e+00
-1.238361024114353226e+00
8.234825927617555979e-14
1.238361024114275732e+00
2.027446266154600885e+00
2.089494347176052980e+00
1.424260391749717192e+00
3.090169943751098214e-01
-8.074459519002790131e-01
-1.476333741025223301e+00
-1.420359358488549439e+00
-6.397437096060730743e-01
5.877852522925030021e-01
1.812994494333621365e+00
2.586660138519045748e+00
2.631081660011746148e+00
1.946083747360687788e+00
8.090169943749306869e-01
-3.312425790830869632e-01
-1.025806352546423383e+00
-9.972859801242573985e-01
-2.457940186966632856e-01
9.510565162951447604e-01
2.144153665713530721e+00
2.884400283319033420e+00
2.894227733904832789e+00
2.173597233013201180e+00
1.000000000000029310e+00
-1.775437761567947303e-01
-9.099983312757883303e-01
-9.198257818616050185e-01
-2.069873434563153092e-01
9.510565162953299456e-01
2.105346990473120350e+00
2.806940085056347733e+00
2.778419712634164540e+00
2.019898430086796370e+00
8.090169943750270543e-01
-4.050572618092453947e-01
-1.173144405168908833e+00
-1.217565926661615006e+00
-5.381465148362928330e-01
5.877852522926033663e-01
1.711397299564016539e+00
2.383866706692036264e+00
2.327892324155385495e+00
1.543695057269491189e+00
3.090169943750712411e-01
-9.268806174201501547e-01
-1.714731718004584016e+00
-1.776779799025945072e+00
-1.112779985055693421e+00
8.283688003456131875e-14
1.112779985055669218e+00
1.776779799026070750e+00
1.714731718004612215e+00
9.268806174199898384e-01
-3.090169943750111781e-01
-1.543695057269637738e+00
-2.327892324155371284e+00
-2.383866706691980752e+00
-1.711397299563858887e+00
-5.877852522924233991e-01
5.381465148362544193e-01
1.217565926661670295e+00
1.173144405168932813e+00
4.050572618090901855e-01
-8.090169943749719872e-01
-2.019898430087126329e+00
-2.778419712634143224e+00
-2.806940085056297995e+00
-2.105346990473153213e+00
-9.510565162949222717e-01
2.069873434562772285e-01
9.198257818616579762e-01
9.099983312758044285e-01
1.775437761564647721e-01
-9.999999999999823475e-01
-2.173597233013346841e+00
-2.894227733904819910e+00
-2.884400283318977465e+00
-2.144153665713568468e+00
-9.510565162949642382e-01
2.457940186966202090e-01
9.972859801243193489e-01
1.025806352546430933e+00
3.312425790827572269e-01
-8.090169943748918291e-01
-1.946083747360824567e+00
-2.631081660011741263e+00
-2.586660138518919627e+00
-1.812994494333659112e+00
-5.877852522923221468e-01
6.397437096060235584e-01
1.420359358488675561e+00
1.476333741025238178e+00
8.074459519001335739e-01
-3.090169943750758486e-01
-1.424260391749862631e+00
-2.089494347176037881e+00
-2.027446266154544929e+00
-1.238361024114327469e+00
1.127318795077616802e-13
1.238361024114301490e+00
2.027446266154685262e+00
2.089494347176038325e+00
1.424260391749704979e+00
3.090169943748654613e-01
-8.074459519004756336e-01
-1.476333741025224411e+00
-1.420359358488618717e+00
-6.397437096058643524e-01
5.877852522922931700e-01
1.812994494333645790e+00
2.586660138518977803e+00
2.631081660011673318e+00
1.946083747360848104e+00
8.090169943749112580e-01
-3.312425790829258698e-01
-1.025806352546497546e+00
-9.972859801243233457e-01
-2.457940186966416363e-01
9.510565162951659657e-01
2.144153665713548040e+00
2.884400283318969471e+00
2.894227733904755961e+00
2.173597233013365493e+00
1.000000000000005773e+00
-1.775437761566293071e-01
-9.099983312758667120e-01
-9.198257818616638604e-01
-2.069873434562978787e-01
9.510565162951283291e-01
2.105346990473320634e+00
2.806940085056287781e+00
2.778419712634153882e+00
2.019898430086965124e+00
8.090169943747721470e-01
-4.050572618090757526e-01
-1.173144405168920823e+00
-1.217565926661602127e+00
-5.381465148362682971e-01
5.877852522924055245e-01
1.711397299564029861e+00
2.383866706692050030e+00
2.327892324155372172e+00
1.543695057269663051e+00
3.090169943748138359e-01
-9.268806174199643033e-01
-1.714731718004598005e+00
-1.776779799026000806e+00
-1.112779985055497356e+00
-1.136633164574256797e-13
1.112779985055681431e+00
1.776779799026015016e+00
1.714731718004527838e+00
9.268806174201619230e-01
-3.090169943750412651e-01
-1.543695057269649951e+00
-2.327892324155372172e+00
-2.383866706692037596e+00
-1.711397299563845564e+00
-5.877852522923938672e-01
5.381465148362682971e-01
1.217565926661612785e+00
1.173144405168850657e+00
4.050572618092687094e-01
-8.090169943749996317e-01
-2.019898430086957575e+00
-2.778419712634224048e+00
-2.806940085056357947e+00
-2.105346990473136337e+00
-9.510565162951238882e-01
2.069873434564819537e-01
9.198257818615963588e-01
9.099983312757965459e-01
1.775437761566301953e-01
-1.000000000000233369e+00
-2.173597233013182528e+00
-2.894227733904826128e+00
-2.884400283318972136e+00
-2.144153665713548040e+00
-9.510565162951702955e-01
2.457940186968257112e-01
9.972859801242471844e-01
1.025806352546427380e+00
3.312425790829183203e-01
-8.090169943751387427e-01
-1.946083747360664251e+00
-2.631081660011743484e+00
-2.586660138518988017e+00
-1.812994494333461937e+00
-5.877852522925319789e-01
6.397437096060484274e-01
1.420359358488606283e+00
1.476333741025166901e+00
8.074459519002915586e-01
-3.090169943750928905e-01
-1.424260391749888832e+00
-2.089494347176038325e+00
-2.027446266154615095e+00
-1.238361024114117637e+00
-1.126798851342882536e-13
1.238361024114327469e+00
2.027446266154615095e+00
2.089494347175967714e+00
1.424260391749862631e+00
3.090169943748484749e-01
-8.074459519003174268e-01
-1.476333741025308566e+00
-1.420359358488605395e+00
-6.397437096058394834e-01
5.877852522925496315e-01
1.812994494333854067e+00
2.586660138518989793e+00
2.631081660011670653e+00
1.946083747360640492e+00
8.090169943748917181e-01
-3.312425790829413019e-01
-1.025806352546501543e+00
-9.972859801242429656e-01
-2.457940186966202090e-01
9.510565162951916118e-01
2.144153665713752765e+00
2.884400283318977465e+00
2.894227733904749300e+00
2.173597233013162988e+00
9.999999999997549738e-01
-1.775437761566488470e-01
-9.099983312758748166e-01
-9.198257818615875880e-01
-2.069873434560967063e-01
9.510565162951497564e-01
2.105346990473337065e+00
2.806940085056368162e+00
2.778419712634073058e+00
2.019898430086942476e+00
8.090169943747445025e-01
-4.050572618092831423e-01
-1.173144405168852655e+00
-1.217565926661599907e+00
-5.381465148362435391e-01
5.877852522924235101e-01
1.711397299563870877e+00
2.383866706692051363e+00
2.327892324155371284e+00
1.543695057269637516e+00
3.090169943750246673e-01
-9.268806174201739134e-01
-1.714731718004527838e+00
-1.776779799026000362e+00
-1.112779985055655008e+00
1.445838379370514535e-13
1.112779985055523779e+00
1.776779799026015461e+00
1.714731718004598005e+00
9.268806174199523129e-01
-3.090169943748304338e-01
-1.543695057269675264e+00
-2.327892324155372616e+00
-2.383866706692036264e+00
-1.711397299564004548e+00
-5.877852522923758816e-01
5.381465148362928330e-01
1.217565926661615006e+00
1.173144405168918381e+00
4.050572618090613197e-01
-8.090169943747913539e-01
-2.019898430086980667e+00
-2.778419712634157435e+00
-2.806940085056277567e+00
-2.105346990473298874e+00
-9.510565162951025719e-01
2.069873434563188619e-01
9.198257818616725201e-01
9.099983312758602727e-01
1.775437761566106554e-01
-1.000000000000029532e+00
-2.173597233013385033e+00
-2.894227733904764399e+00
-2.884400283318963254e+00
-2.144153665713530721e+00
-9.510565162951446494e-01
2.457940186966580676e-01
9.972859801243275646e-01
1.025806352546486444e+00
3.312425790829028882e-01
-8.090169943749392356e-01
-1.946083747360871863e+00
-2.631081660011685752e+00
-2.586660138518975582e+00
-1.812994494333632467e+00
-5.877852522922756284e-01
6.397437096058772310e-01
1.420359358488619606e+00
1.476333741025210422e+00
8.074459519000949381e-01
-3.090169943748959924e-01
-1.424260391749901267e+00
-2.089494347176052980e+00
-2.027446266154600885e+00
-1.238361024114289943e+00
1.450774105405299389e-13
1.238361024114339015e+00
2.027446266154629306e+00
2.089494347176023670e+00
1.424260391749666121e+00
3.090169943750453174e-01
-8.074459519003301944e-01
-1.476333741025252166e+00
-1.420359358488521906e+00
-6.397437096060106798e-01
5.877852522925787193e-01
1.812994494333672435e+00
2.586660138519072394e+00
2.631081660011728829e+00
1.946083747360625615e+00
8.090169943748639625e-01
-3.312425790829567340e-01
-1.025806352546442035e+00
-9.972859801242387467e-01
-2.457940186966038887e-01
9.510565162952172580e-01
2.144153665713585788e+00
2.884400283319056513e+00
2.894227733904811473e+00
2.173597233013144336e+00
9.999999999999588107e-01
-1.775437761568522399e-01
-9.099983312758108678e-01
-9.198257818615815928e-01
-2.069873434562563563e-01
9.510565162953985574e-01
2.105346990473358826e+00
2.806940085056372602e+00
2.778419712634139671e+00
2.019898430086919827e+00
8.090169943749526693e-01
-4.050572618091133892e-01
-1.173144405168864646e+00
-1.217565926661527520e+00
-5.381465148360458084e-01
5.877852522926687584e-01
1.711397299564068053e+00
2.383866706692052695e+00
2.327892324155370840e+00
1.543695057269612203e+00
3.090169943749946357e-01
-9.268806174203835235e-01
-1.714731718004541827e+00
-1.776779799025929751e+00
-1.112779985055458942e+00
1.612464621730945234e-13
1.112779985055719845e+00
1.776779799026016127e+00
1.714731718004584238e+00
9.268806174201243975e-01
-3.090169943748604653e-01
-1.543695057269884652e+00
-2.327892324155456549e+00
-2.383866706691964765e+00
-1.711397299563807373e+00
-5.877852522923578960e-01
5.381465148363175910e-01
1.217565926661617226e+00
1.173144405168906612e+00
4.050572618088540411e-01
-8.090169943748188874e-01
-2.019898430086811469e+00
-2.778419712634238259e+00
-2.806940085056407241e+00
-2.105346990473098145e+00
-9.510565162950767037e-01
2.069873434563362924e-01
9.198257818616134562e-01
9.099983312758522791e-01
1.775437761567760786e-01
-1.000000000000280220e+00
-2.173597233013036423e+00
-2.894227733904840782e+00
-2.884400283318957037e+00
-2.144153665713513401e+00
-9.510565162951234441e-01
2.457940186966796059e-01
9.972859801242613953e-01
1.025806352546482891e+00
3.312425790830638705e-01
-8.090169943751860382e-01
-1.946083747360527916e+00
-2.631081660011758583e+00
-2.586660138518973806e+00
-1.812994494333608042e+00
-5.877852522924853496e-01
6.397437096059021000e-01
1.420359358488549884e+00
1.476333741025139146e+00
8.074459519004368868e-01
-3.090169943751403525e-01
-1.424260391749927468e+00
-2.089494347176067635e+00
-2.027446266154600885e+00
-1.238361024114263964e+00
-6.612349938631801642e-14
1.238361024114181141e+00
2.027446266154558696e+00
2.089494347175952615e+00
1.424260391749994081e+00
3.090169943748009573e-01
-8.074459519003560626e-01
-1.476333741025253277e+00
-1.420359358488591184e+00
-6.397437096059859218e-01
5.877852522923689982e-01
1.812994494333880713e+00
2.586660138518933838e+00
2.631081660011655998e+00
1.946083747360602079e+00
8.090169943748360959e-01
-3.312425790829794936e-01
-1.025806352546446032e+00
-9.972859801243049160e-01
-2.457940186967663143e-01
9.510565162950112006e-01
2.144153665713790513e+00
2.884400283318918845e+00
2.894227733904735089e+00
2.173597233013124796e+00
9.999999999999352740e-01
-1.775437761566867056e-01
-9.099983312758190834e-01
-9.198257818616432102e-01
-2.069873434560550729e-01
9.510565162949695672e-01
2.105346990473375257e+00
2.806940085056383261e+00
2.778419712634136118e+00
2.019898430086904728e+00
8.090169943749252468e-01
-4.050572618091278221e-01
-1.173144405168876636e+00
-1.217565926661655418e+00
-5.381465148360320416e-01
5.877852522927097256e-01
1.711397299564081376e+00
2.383866706692066018e+00
2.327892324155357517e+00
1.543695057269599991e+00
3.090169943749646042e-01
-9.268806174200275860e-01
-1.714731718004682604e+00
-1.776779799026055651e+00
-1.112779985055446730e+00
1.921199411243395718e-13
1.112779985055732057e+00
1.776779799026030560e+00
1.714731718004570027e+00
9.268806174201125181e-01
-3.090169943748904968e-01
-1.543695057269528936e+00
-2.327892324155469872e+00
-2.383866706691938564e+00
-1.711397299563794050e+00
-5.877852522923285861e-01
5.381465148363313578e-01
1.217565926661629661e+00
1.173144405168894622e+00
4.050572618092075361e-01
-8.090169943752928416e-01
-2.019898430086834118e+00
-2.778419712634248917e+00
-2.806940085056262468e+00
-2.105346990473081714e+00
-9.510565162950552764e-01
2.069873434563536119e-01
9.198257818616195625e-01
9.099983312757035092e-01
1.775437761567565387e-01
-1.000000000000303757e+00
-2.173597233013423224e+00
-2.894227733904847000e+00
-2.884400283318948599e+00
-2.144153665713492529e+00
-9.510565162950977980e-01
2.457940186967012552e-01
9.972859801242716093e-01
1.025806352546331457e+00
3.312425790830484384e-01
-8.090169943752054671e-01
-1.946083747360910277e+00
-2.631081660011761247e+00
-2.586660138518961372e+00
-1.812994494333583839e+00
-5.877852522924678080e-01
6.397437096062946749e-01
1.420359358488563206e+00
1.476333741025265711e+00
8.074459519000565244e-01
-3.090169943747161363e-01
-1.424260391749939680e+00
-2.089494347176081845e+00
-2.027446266154586674e+00
-1.238361024114252418e+00
-3.573987915473188335e-14
1.238361024114178477e+00
2.027446266154572907e+00
2.089494347176078737e+00
1.424260391749613941e+00
3.090169943752251736e-01
-8.074459519003686081e-01
-1.476333741025267265e+00
-1.420359358488590296e+00
-6.397437096059730433e-01
5.877852522923979750e-01
1.812994494333526330e+00
2.586660138519086605e+00
2.631081660011783896e+00
1.946083747360587424e+00
8.090169943748082293e-01
-3.312425790829949257e-01
-1.025806352546456690e+00
-9.972859801242947020e-01
-2.457940186967498830e-01
9.510565162950368467e-01
2.144153665713440127e+00
2.884400283319068059e+00
2.894227733904867428e+00
2.173597233013106145e+00
9.999999999999117373e-01
-1.775437761567053574e-01
-9.099983312758255227e-01
-9.198257818616372150e-01
-2.069873434564020176e-01
9.510565162954457419e-01
2.105346990473029312e+00
2.806940085056387701e+00
2.778419712634132122e+00
2.019898430086882080e+00
8.090169943749060399e-01
-4.050572618091513588e-01
-1.173144405168879079e+00
-1.217565926661652975e+00
-5.381465148363752116e-01
5.877852522927277112e-01
1.711397299564106689e+00
2.383866706692067350e+00
2.327892324155356629e+00
1.543695057269587778e+00
3.090169943749480064e-01
-9.268806174200532322e-01
-1.714731718004542049e+00
-1.776779799025914874e+00
-1.112779985055788234e+00
2.087825653603826418e-13
1.112779985055772691e+00
1.776779799026031004e+00
1.714731718004570027e+00
9.268806174200867609e-01
-3.090169943749070391e-01
-1.543695057269554471e+00
-2.327892324155329984e+00
-2.383866706691937676e+00
-1.711397299563768959e+00
-5.877852522923106005e-01
5.381465148363561157e-01
1.217565926661642539e+00
1.173144405168892401e+00
4.050572618091843324e-01
-8.090169943748573012e-01
-2.019898430087224916e+00
-2.778419712634112138e+00
-2.806940085056258027e+00
-2.105346990473055069e+00
-9.510565162950338491e-01
2.069873434563743730e-01
9.198257818616255577e-01
9.099983312758377352e-01
1.775437761563692929e-01
-9.999999999998726574e-01
-2.173597233013442320e+00
-2.894227733904855437e+00
-2.884400283318940161e+00
-2.144153665713475654e+00
-9.510565162950722629e-01
2.457940186967174645e-01
9.972859801242818234e-01
1.025806352546461131e+00
3.312425790826653005e-01
-8.090169943747785863e-01
-1.946083747360924932e+00
-2.631081660011783008e+00
-2.586660138518949381e+00
-1.812994494333570294e+00
-5.877852522924387202e-01
6.397437096059396255e-01
1.420359358488717305e+00
1.476333741025264601e+00
8.074459519000305452e-01
-3.090169943751879256e-01
-1.424260391749952115e+00
-2.089494347176082290e+00
-2.027446266154572907e+00
-1.238361024114226439e+00
-5.356258923145759748e-15
1.238361024114204456e+00
2.027446266154727450e+00
2.089494347176078293e+00
1.424260391749601506e+00
3.090169943747398951e-01
-8.074459519003813757e-01
-1.476333741025268154e+00
-1.420359358488577195e+00
-6.397437096059481743e-01
5.877852522928818102e-01
1.812994494333550755e+00
2.586660138519088381e+00
2.631081660011640899e+00
1.946083747360572769e+00
8.090169943747888004e-01
-3.312425790830103578e-01
-1.025806352546460687e+00
-9.972859801242845990e-01
-2.457940186967335627e-01
9.510565162950580520e-01
2.144153665713460555e+00
2.884400283318933944e+00
2.894227733904719990e+00
2.173597233013454755e+00
9.999999999998882005e-01
-1.775437761567240091e-01
-9.099983312758334053e-01
-9.198257818616287773e-01
-2.069873434563846981e-01
9.510565162950210816e-01
2.105346990473413449e+00
2.806940085056257139e+00
2.778419712634121463e+00
2.019898430086866981e+00
8.090169943748785064e-01
-4.050572618091656807e-01
-1.173144405168881077e+00
-1.217565926661640541e+00
-5.381465148363613338e-01
5.877852522923023848e-01
1.711397299564119789e+00
2.383866706692081117e+00
2.327892324155343307e+00
1.543695057269575788e+00
3.090169943749179748e-01
-9.268806174200650005e-01
-1.714731718004555816e+00
-1.776779799026026563e+00
-1.112779985055408094e+00
-2.150913065748364035e-13
1.112779985055784682e+00
1.776779799026045659e+00
1.714731718004555816e+00
9.268806174200749926e-01
-3.090169943749235815e-01
-1.543695057269566462e+00
-2.327892324155343307e+00
-2.383866706692064241e+00
-1.711397299563755636e+00
-5.877852522922810685e-01
5.381465148363696605e-01
1.217565926661654974e+00
1.173144405168880411e+00
4.050572618091698995e-01
-8.090169943748849457e-01
-2.019898430086871866e+00
-2.778419712634263128e+00
-2.806940085056388590e+00
-2.105346990473038638e+00
-9.510565162950080920e-01
2.069873434563916925e-01
9.198257818616343284e-01
9.099983312758312959e-01
1.775437761567186801e-01
-1.000000000000350830e+00
-2.173597233013094154e+00
-2.894227733904861655e+00
-2.884400283318934388e+00
-2.144153665713454782e+00
-9.510565162950553875e-01
2.457940186967391138e-01
9.972859801242860422e-01
1.025806352546457134e+00
3.312425790830102468e-01
-8.090169943752527626e-01
-1.946083747360580762e+00
-2.631081660011785672e+00
-2.586660138518947605e+00
-1.812994494333546092e+00
-5.877852522924210676e-01
6.397437096059526151e-01
1.420359358488577639e+00
1.476333741025122936e+00
8.074459519003726049e-01
-3.090169943752049120e-01
-1.424260391749978316e+00
-2.089494347176083178e+00
-2.027446266154587118e+00
-1.238361024114200459e+00
-1.204280710415571501e-12
1.670270904467904050e+00
-2.589147923834886456e+00
3.163725418528715583e+00
-2.062849841159957620e+00
1.236067977495203252e+00
1.114194214184522469e+00
-1.761126590703459893e+00
3.428615426289022050e+00
-2.253502662682997482e+00
2.351141009163075335e+00
4.490524311724600204e-01
-7.607139163874915289e-01
3.357888667559313145e+00
-2.223566942508214961e+00
3.236067977491106529e+00
-2.600457325377821816e-01
3.141627362708255822e-01
2.958468370264280445e+00
-1.975972997502051909e+00
3.804226065174935556e+00
-9.436888081028722564e-01
1.358286951402058129e+00
2.269452576028119672e+00
-1.534957048089089726e+00
4.000000000000000000e+00
-1.534957048065689555e+00
2.269452575988686327e+00
1.358286951445410784e+00
-9.436888081363992153e-01
3.804226065188524686e+00
-1.975972997490390348e+00
2.958468370230641131e+00
3.141627363165292453e-01
-2.600457325806980746e-01
3.236067977518567229e+00
-2.223566942510895483e+00
3.357888667537217486e+00
-7.607139163465944653e-01
4.490524311264726953e-01
2.351141009198652654e+00
-2.253502662698752879e+00
3.428615426281163447e+00
-1.761126590673279146e+00
1.114194214142600448e+00
1.236067977537040674e+00
-2.062849841187431199e+00
3.163725418534538925e+00
-2.589147923815966035e+00
1.670270904431413683e+00
4.278621637269086004e-11
-1.670270904504682630e+00
2.589147923853966748e+00
-3.163725418522860711e+00
2.062849841132264661e+00
-1.236067977453061628e+00
-1.114194214226772672e+00
1.761126590733857133e+00
-3.428615426296950375e+00
2.253502662667112411e+00
-2.351141009127238668e+00
-4.490524312133376550e-01
7.607139164238680973e-01
-3.357888667578944109e+00
2.223566942505850186e+00
-3.236067977466673184e+00
2.600457324996282571e-01
-3.141627362301563364e-01
-2.958468370294192518e+00
1.975972997512434937e+00
-3.804226065162086279e+00
9.436888080690857272e-01
-1.358286951358380179e+00
-2.269452576067850558e+00
1.534957048112664868e+00
-4.000000000000000000e+00
1.534957048042114636e+00
-2.269452575948953665e+00
-1.358286951489088512e+00
9.436888081701856335e-01
-3.804226065202212848e+00
1.975972997480007542e+00
-2.958468370200729947e+00
-3.141627363572053744e-01
2.600457326188443385e-01
-3.236067977542999685e+00
2.223566942513259814e+00
-3.357888667517596293e+00
7.607139163102282220e-01
-4.490524310855950607e-01
-2.351141009232293300e+00
2.253502662714662375e+00
-3.428615426273235123e+00
1.761126590642869250e+00
-1.114194214100323599e+00
-1.236067977579182520e+00
2.062849841215110391e+00
-3.163725418540393797e+00
2.589147923796899953e+00
-1.670270904394649536e+00
-8.709663614028494480e-11
1.670270904539143286e+00
-2.589147923871842671e+00
3.163725418517347343e+00
-2.062849841106324078e+00
1.236067977413541907e+00
1.114194214266380323e+00
-1.761126590762399191e+00
3.428615426304392866e+00
-2.253502662652231869e+00
2.351141009093598022e+00
4.490524312569383336e-01
-7.607139164626457450e-01
3.357888667599881138e+00
-2.223566942503314436e+00
3.236067977440628241e+00
-2.600457324589452446e-01
3.141627361868069013e-01
2.958468370326086561e+00
-1.975972997523486097e+00
3.804226065148393676e+00
-9.436888080374046250e-01
1.358286951317414726e+00
2.269452576105112307e+00
-1.534957048134779178e+00
4.000000000000000000e+00
-1.534957048019999881e+00
2.269452575911691916e+00
1.358286951530059516e+00
-9.436888082018665136e-01
3.804226065215062569e+00
-1.975972997468945502e+00
2.958468370168835015e+00
3.141627364005411538e-01
-2.600457326595273511e-01
3.236067977569045073e+00
-2.223566942515814215e+00
3.357888667496659707e+00
-7.607139162714505742e-01
4.490524310419724552e-01
2.351141009268141069e+00
-2.253502662729542916e+00
3.428615426265817501e+00
-1.761126590614327192e+00
1.114194214060715948e+00
1.236067977618729330e+00
-2.062849841241051418e+00
3.163725418545879631e+00
-2.589147923778996052e+00
1.670270904360188879e+00
1.286501500931298215e-10
-1.670270904575907434e+00
2.589147923890908309e+00
-3.163725418511520004e+00
2.062849841078644886e+00
-1.236067977371400062e+00
-1.114194214308630748e+00
1.761126590792809088e+00
-3.428615426312321635e+00
2.253502662636346798e+00
-2.351141009057750253e+00
-4.490524312978378396e-01
7.607139164990324165e-01
-3.357888667619502776e+00
2.223566942500931454e+00
-3.236067977416187347e+00
2.600457324207988696e-01
-3.141627361461513113e-01
-2.958468370355992860e+00
1.975972997533869346e+00
-3.804226065135543955e+00
9.436888080036214266e-01
-1.358286951273736776e+00
-2.269452576144843192e+00
1.534957048158355875e+00
-4.000000000000000000e+00
1.534957047996423629e+00
-2.269452575871961031e+00
-1.358286951573731915e+00
9.436888082356497121e-01
-3.804226065228755171e+00
1.975972997458573133e+00
-2.958468370138929160e+00
-3.141627364412105106e-01
2.600457326976889361e-01
-3.236067977593485967e+00
2.223566942518178546e+00
-3.357888667477037625e+00
7.607139162350639028e-01
-4.490524310010948206e-01
-2.351141009301781715e+00
2.253502662745427987e+00
-3.428615426257863863e+00
1.761126590583916851e+00
-1.114194214018465523e+00
-1.236067977660843864e+00
2.062849841268731055e+00
-3.163725418551734059e+00
2.589147923759958836e+00
-1.670270904323424732e+00
-1.729605698607238739e-10
1.670270904610367868e+00
-2.589147923908812654e+00
3.163725418506007081e+00
-2.062849841052704747e+00
1.236067977331853474e+00
1.114194214348264822e+00
-1.761126590821351812e+00
3.428615426319739257e+00
-2.253502662621441388e+00
2.351141009024110495e+00
4.490524313414385738e-01
-7.607139165377893031e-01
3.357888667640438918e+00
-2.223566942498395704e+00
3.236067977390141959e+00
-2.600457323801158571e-01
3.141627361028018761e-01
2.958468370387887347e+00
-1.975972997544930942e+00
3.804226065121859790e+00
-9.436888079719407685e-01
1.358286951232765993e+00
2.269452576182108938e+00
-1.534957048180469963e+00
4.000000000000000000e+00
-1.534957047974310873e+00
2.269452575834699282e+00
1.358286951614702920e+00
-9.436888082673305922e-01
3.804226065241604893e+00
-1.975972997447511759e+00
2.958468370107035117e+00
3.141627364845598347e-01
-2.600457327383719486e-01
3.236067977619531355e+00
-2.223566942520714740e+00
3.357888667456081944e+00
-7.607139161962862550e-01
4.490524309574941419e-01
2.351141009337606835e+00
-2.253502662760308528e+00
3.428615426250446241e+00
-1.761126590555375016e+00
1.114194213978857873e+00
1.236067977700390674e+00
-2.062849841294670750e+00
3.163725418557247426e+00
-2.589147923742054935e+00
1.670270904288963854e+00
2.145425055229991416e-10
-1.670270904647160881e+00
2.589147923927877848e+00
-3.163725418500152209e+00
2.062849841024997577e+00
-1.236067977289711628e+00
-1.114194214390515247e+00
1.761126590851735951e+00
-3.428615426327667581e+00
2.253502662605556761e+00
-2.351141008988262282e+00
-4.490524313823163194e-01
7.607139165741758635e-01
-3.357888667660061000e+00
2.223566942496031373e+00
-3.236067977365717496e+00
2.600457323419697042e-01
-3.141627360621325193e-01
-2.958468370417804749e+00
1.975972997555313526e+00
-3.804226065109010069e+00
9.436888079381507977e-01
-1.358286951189088043e+00
-2.269452576221839379e+00
1.534957048204045993e+00
-4.000000000000000000e+00
1.534957047950734843e+00
-2.269452575794967952e+00
-1.358286951658380870e+00
9.436888083011208961e-01
-3.804226065255297939e+00
1.975972997437128509e+00
-2.958468370077117271e+00
-3.141627365252291915e-01
2.600457327765181015e-01
-3.236067977643955818e+00
2.223566942523079071e+00
-3.357888667436459862e+00
7.607139161598998056e-01
-4.490524309166163963e-01
-2.351141009371247037e+00
2.253502662776193599e+00
-3.428615426242517916e+00
1.761126590524990432e+00
-1.114194213936607447e+00
-1.236067977742532298e+00
2.062849841322377920e+00
-3.163725418563102298e+00
2.589147923722989297e+00
-1.670270904252171507e+00
-2.588529252905932458e-10
1.670270904681621316e+00
-2.589147923945781749e+00
3.163725418494638397e+00
-2.062849840999057438e+00
1.236067977250164596e+00
1.114194214430122898e+00
-1.761126590880278453e+00
3.428615426335085203e+00
-2.253502662590675776e+00
2.351141008954644729e+00
4.490524314259169980e-01
-7.607139166129535113e-01
3.357888667681016681e+00
-2.223566942493495624e+00
3.236067977339672552e+00
-2.600457323012712596e-01
3.141627360187830842e-01
2.958468370449699236e+00
-1.975972997566375788e+00
3.804226065095317466e+00
-9.436888079064694734e-01
1.358286951148117039e+00
2.269452576259101573e+00
-1.534957048226158527e+00
4.000000000000000000e+00
-1.534957047928620533e+00
2.269452575757702650e+00
1.358286951699351874e+00
-9.436888083328016652e-01
3.804226065268138335e+00
-1.975972997426066913e+00
2.958468370045222340e+00
3.141627365685786266e-01
-2.600457328172015581e-01
3.236067977670000761e+00
-2.223566942525614820e+00
3.357888667415523720e+00
-7.607139161211428080e-01
4.490524308730157177e-01
2.351141009407094806e+00
-2.253502662791098565e+00
3.428615426235100294e+00
-1.761126590496448374e+00
1.114194213896973373e+00
1.236067977782079108e+00
-2.062849841348318058e+00
3.163725418568615666e+00
-2.589147923705084953e+00
1.670270904217710850e+00
3.004348609528685394e-10
-1.670270904718385907e+00
2.589147923964819409e+00
-3.163725418488783525e+00
2.062849840971377802e+00
-1.236067977208050062e+00
-1.114194214472373323e+00
1.761126590910688350e+00
-3.428615426343038841e+00
2.253502662574790261e+00
-2.351141008918796516e+00
-4.490524314667946326e-01
7.607139166493404048e-01
-3.357888667700638763e+00
2.223566942491131293e+00
-3.236067977315231659e+00
2.600457322631248847e-01
-3.141627359781138384e-01
-2.958468370479605092e+00
1.975972997576747936e+00
-3.804226065082468189e+00
9.436888078726864970e-01
-1.358286951104444418e+00
-2.269452576298832458e+00
1.534957048249734779e+00
-4.000000000000000000e+00
1.534957047905044281e+00
-2.269452575717971765e+00
-1.358286951743029602e+00
9.436888083665846416e-01
-3.804226065281830493e+00
1.975972997415683885e+00
-2.958468370015316928e+00
-3.141627366092342166e-01
2.600457328553477110e-01
-3.236067977694442099e+00
2.223566942527997803e+00
-3.357888667395901638e+00
7.607139160847559145e-01
-4.490524308321162117e-01
-2.351141009440735452e+00
2.253502662806983636e+00
-3.428615426227171525e+00
1.761126590466037589e+00
-1.114194213854722948e+00
-1.236067977824220954e+00
2.062849841375997695e+00
-3.163725418574442561e+00
2.589147923686019759e+00
-1.670270904180946481e+00
-3.447168590110322137e-10
1.670270904752845897e+00
-2.589147923982723309e+00
3.163725418483298579e+00
-2.062849840945437663e+00
1.236067977168503251e+00
1.114194214511980974e+00
-1.761126590939230852e+00
3.428615426350456463e+00
-2.253502662559909719e+00
2.351141008885156758e+00
4.490524315104172381e-01
-7.607139166881180525e-01
3.357888667721575349e+00
-2.223566942488576892e+00
3.236067977289186270e+00
-2.600457322224418721e-01
3.141627359347780590e-01
2.958468370511499579e+00
-1.975972997587809754e+00
3.804226065068775142e+00
-9.436888078410058389e-01
1.358286951063473635e+00
2.269452576336094651e+00
-1.534957048271849311e+00
4.000000000000000000e+00
-1.534957047882929748e+00
2.269452575680710016e+00
1.358286951783995278e+00
-9.436888083982657438e-01
3.804226065294680215e+00
-1.975972997404633169e+00
2.958468369983422441e+00
3.141627366525836518e-01
-2.600457328960459336e-01
3.236067977720487043e+00
-2.223566942530533552e+00
3.357888667374965497e+00
-7.607139160459782667e-01
4.490524307885154776e-01
2.351141009476583221e+00
-2.253502662821865066e+00
3.428615426219729478e+00
-1.761126590437495754e+00
1.114194213815115297e+00
1.236067977863740674e+00
-2.062849841401937834e+00
3.163725418579955484e+00
-2.589147923668143836e+00
1.670270904146485824e+00
3.862987946733074556e-10
-1.670270904789610489e+00
2.589147924001788947e+00
-3.163725418477443707e+00
2.062849840917758470e+00
-1.236067977126361628e+00
-1.114194214554257822e+00
1.761126590969640748e+00
-3.428615426358384788e+00
2.253502662544000668e+00
-2.351141008849308101e+00
-4.490524315512949838e-01
7.607139167244840738e-01
-3.357888667741196986e+00
2.223566942486212561e+00
-3.236067977264744933e+00
2.600457321842954972e-01
-3.141627358941087023e-01
-2.958468370541404990e+00
1.975972997598192560e+00
-3.804226065055934747e+00
9.436888078072226405e-01
-1.358286951019795907e+00
-2.269452576375828645e+00
1.534957048295425341e+00
-4.000000000000000000e+00
1.534957047859355495e+00
-2.269452575640978687e+00
-1.358286951827673006e+00
9.436888084320489423e-01
-3.804226065308373261e+00
1.975972997394249919e+00
-2.958468369953516586e+00
-3.141627366932530085e-01
2.600457329341923085e-01
-3.236067977744927937e+00
2.223566942532898327e+00
-3.357888667355323875e+00
7.607139160095914843e-01
-4.490524307476377319e-01
-2.351141009510200774e+00
2.253502662837749693e+00
-3.428615426211800710e+00
1.761126590407111170e+00
-1.114194213772865094e+00
-1.236067977905882298e+00
2.062849841429617026e+00
-3.163725418585810800e+00
2.589147923649077754e+00
-1.670270904109721455e+00
-4.306092144409016372e-10
1.670270904824099345e+00
-2.589147924019693292e+00
3.163725418471930340e+00
-2.062849840891790354e+00
1.236067977086814818e+00
1.114194214593865473e+00
-1.761126590998157271e+00
3.428615426365802410e+00
-2.253502662529120126e+00
2.351141008815668343e+00
4.490524315948956624e-01
-7.607139167632617216e-01
3.357888667762133128e+00
-2.223566942483676367e+00
3.236067977238716420e+00
-2.600457321436124847e-01
3.141627358507593781e-01
2.958468370573311912e+00
-1.975972997609254378e+00
3.804226065042242144e+00
-9.436888077755345439e-01
1.358286950978824681e+00
2.269452576413090839e+00
-1.534957048317540096e+00
4.000000000000000000e+00
-1.534957047837241184e+00
2.269452575603716937e+00
1.358286951868644010e+00
-9.436888084637367058e-01
3.804226065321222983e+00
-1.975972997383188101e+00
2.958468369921609664e+00
3.141627367366023327e-01
-2.600457329748753210e-01
3.236067977770956894e+00
-2.223566942535434077e+00
3.357888667334387733e+00
-7.607139159708138365e-01
4.490524307040369978e-01
2.351141009546048544e+00
-2.253502662852630678e+00
3.428615426204383088e+00
-1.761126590378569112e+00
1.114194213733257222e+00
1.236067977945429108e+00
-2.062849841455585143e+00
3.163725418591324168e+00
-2.589147923631173853e+00
1.670270904075232821e+00
4.721911501031768791e-10
-1.670270904860863936e+00
2.589147924038730508e+00
-3.163725418466075023e+00
2.062849840864111162e+00
-1.236067977044673194e+00
-1.114194214636115898e+00
1.761126591028567612e+00
-3.428615426373731179e+00
2.253502662513235055e+00
-2.351141008779843222e+00
-4.490524316357732970e-01
7.607139167996481710e-01
-3.357888667781774750e+00
2.223566942481312037e+00
-3.236067977214275970e+00
2.600457321054511217e-01
-3.141627358100899103e-01
-2.958468370603217767e+00
1.975972997619637628e+00
-3.804226065029392423e+00
9.436888077417515674e-01
-1.358286950935146953e+00
-2.269452576452821724e+00
1.534957048341114572e+00
-4.000000000000000000e+00
1.534957047813664488e+00
-2.269452575563982499e+00
-1.358286951912321960e+00
9.436888084975196822e-01
-3.804226065334906703e+00
1.975972997372805295e+00
-2.958468369891704697e+00
-3.141627367772716894e-01
2.600457330130216960e-01
-3.236067977795397343e+00
2.223566942537798852e+00
-3.357888667314766096e+00
7.607139159344481483e-01
-4.490524306631594187e-01
-2.351141009579689189e+00
2.253502662868540174e+00
-3.428615426196454319e+00
1.761126590348158771e+00
-1.114194213690980373e+00
-1.236067977987570732e+00
2.062849841483264335e+00
-3.163725418597179040e+00
2.589147923612108215e+00
-1.670270904038468451e+00
-5.165015698707710091e-10
1.670270904895324371e+00
-2.589147924056634853e+00
3.163725418460562100e+00
-2.062849840838170579e+00
1.236067977005153473e+00
1.114194214675723327e+00
-1.761126591057109669e+00
3.428615426381173670e+00
-2.253502662498354070e+00
2.351141008746202576e+00
4.490524316793959025e-01
-7.607139168384260408e-01
3.357888667802710891e+00
-2.223566942478775843e+00
3.236067977188230582e+00
-2.600457320647678872e-01
3.141627357667404752e-01
2.958468370635111810e+00
-1.975972997630688344e+00
3.804226065015699820e+00
-9.436888077100706873e-01
1.358286950894181278e+00
2.269452576490083473e+00
-1.534957048363228660e+00
4.000000000000000000e+00
-1.534957047791550844e+00
2.269452575526720750e+00
1.358286951953292743e+00
-9.436888085292008954e-01
3.804226065347755981e+00
-1.975972997361743921e+00
2.958468369859809766e+00
3.141627368206074689e-01
-2.600457330537049305e-01
3.236067977821442732e+00
-2.223566942540352365e+00
3.357888667293829510e+00
-7.607139158956705005e-01
4.490524306195368132e-01
2.351141009615536959e+00
-2.253502662883420271e+00
3.428615426189037141e+00
-1.761126590319616714e+00
1.114194213651372944e+00
1.236067978027117542e+00
-2.062849841509204918e+00
3.163725418602663986e+00
-2.589147923594203871e+00
1.670270904004007573e+00
5.580550838236158470e-10
-1.670270904932088518e+00
2.589147924075700047e+00
-3.163725418454735205e+00
2.062849840810490942e+00
-1.236067976963011628e+00
-1.114194214717973752e+00
1.761126591087519788e+00
-3.428615426389101994e+00
2.253502662482468999e+00
-2.351141008710354363e+00
-4.490524317202735372e-01
7.607139168748127123e-01
-3.357888667822333417e+00
2.223566942476393304e+00
-3.236067977163789244e+00
2.600457320266216232e-01
-3.141627357260848852e-01
-2.958468370665018110e+00
1.975972997641071371e+00
-3.804226065002850543e+00
9.436888076762874888e-01
-1.358286950850503327e+00
-2.269452576529814358e+00
1.534957048386804690e+00
-4.000000000000000000e+00
1.534957047767974370e+00
-2.269452575486989865e+00
-1.358286951996965364e+00
9.436888085629838718e-01
-3.804226065361448583e+00
1.975972997351370886e+00
-2.958468369829903910e+00
-3.141627368612767146e-01
2.600457330918662935e-01
-3.236067977845884513e+00
2.223566942542717584e+00
-3.357888667274207428e+00
7.607139158592834960e-01
-4.490524305786592341e-01
-2.351141009649177605e+00
2.253502662899305786e+00
-3.428615426181083947e+00
1.761126590289206817e+00
-1.114194213609122519e+00
-1.236067978069232298e+00
2.062849841536884554e+00
-3.163725418608519746e+00
2.589147923575166210e+00
-1.670270903967243425e+00
-6.023655035912098736e-10
1.670270904966549175e+00
-2.589147924093603947e+00
3.163725418449221838e+00
-2.062849840784550803e+00
1.236067976923465039e+00
1.114194214757608048e+00
-1.761126591116062290e+00
3.428615426396519617e+00
-2.253502662467564477e+00
2.351141008676714605e+00
4.490524317638743268e-01
-7.607139169135697099e-01
3.357888667843269559e+00
-2.223566942473857111e+00
3.236067977137744300e+00
-2.600457319859386107e-01
3.141627356827354500e-01
2.958468370696912597e+00
-1.975972997652132968e+00
3.804226064989166378e+00
-9.436888076446066087e-01
1.358286950809532545e+00
2.269452576567080104e+00
-1.534957048408919444e+00
4.000000000000000000e+00
-1.534957047745861836e+00
2.269452575449727671e+00
1.358286952037936146e+00
-9.436888085946645299e-01
3.804226065374298305e+00
-1.975972997340309512e+00
2.958468369798009867e+00
3.141627369046262608e-01
-2.600457331325493060e-01
3.236067977871929013e+00
-2.223566942545253333e+00
3.357888667253251747e+00
-7.607139158205058482e-01
4.490524305350583889e-01
2.351141009685002725e+00
-2.253502662914186327e+00
3.428615426173665881e+00
-1.761126590260689850e+00
1.114194213569514869e+00
1.236067978108779108e+00
-2.062849841562824249e+00
3.163725418614032669e+00
-2.589147923557262310e+00
1.670270903932782769e+00
6.439474392534852189e-10
-1.670270905003341966e+00
2.589147924112670029e+00
-3.163725418443366522e+00
2.062849840756843633e+00
-1.236067976881323194e+00
-1.114194214799858473e+00
1.761126591146446430e+00
-3.428615426404448385e+00
2.253502662451679406e+00
-2.351141008640866836e+00
-4.490524318047519614e-01
7.607139169499563813e-01
-3.357888667862891197e+00
2.223566942471492780e+00
-3.236067977113319394e+00
2.600457319477922358e-01
-3.141627356420662043e-01
-2.958468370726830443e+00
1.975972997662516217e+00
-3.804226064976316657e+00
9.436888076108164158e-01
-1.358286950765854595e+00
-2.269452576606810545e+00
1.534957048432495696e+00
-4.000000000000000000e+00
1.534957047722285584e+00
-2.269452575409996786e+00
-1.358286952081614096e+00
9.436888086284548338e-01
-3.804226065387990907e+00
1.975972997329926484e+00
-2.958468369768091577e+00
-3.141627369452955065e-01
2.600457331706956809e-01
-3.236067977896353476e+00
2.223566942547617664e+00
-3.357888667233629665e+00
7.607139157841191768e-01
-4.490524304941807543e-01
-2.351141009718642927e+00
2.253502662930071399e+00
-3.428615426165737112e+00
1.761126590230279954e+00
-1.114194213527264443e+00
-1.236067978150920732e+00
2.062849841590531419e+00
-3.163725418619887542e+00
2.589147923538196672e+00
-1.670270903895990422e+00
-6.882578590210793489e-10
1.670270905037802400e+00
-2.589147924130545952e+00
3.163725418437853598e+00
-2.062849840730903939e+00
1.236067976841776606e+00
1.114194214839466124e+00
-1.761126591174988931e+00
3.428615426411865563e+00
-2.253502662436797976e+00
2.351141008607248839e+00
4.490524318483526955e-01
-7.607139169887340291e-01
3.357888667883846878e+00
-2.223566942468957031e+00
3.236067977087274894e+00
-2.600457319070940132e-01
3.141627355987167691e-01
2.958468370758724930e+00
-1.975972997673577147e+00
3.804226064962624498e+00
-9.436888075791355357e-01
1.358286950724883813e+00
2.269452576644072739e+00
-1.534957048454608008e+00
4.000000000000000000e+00
-1.534957047700171051e+00
2.269452575372731040e+00
1.358286952122585101e+00
-9.436888086601359360e-01
3.804226065400831747e+00
-1.975972997318865332e+00
2.958468369736197090e+00
3.141627369886449417e-01
-2.600457332113786935e-01
3.236067977922398420e+00
-2.223566942550153414e+00
3.357888667212693967e+00
-7.607139157453621792e-01
4.490524304505800202e-01
2.351141009754490696e+00
-2.253502662944976365e+00
3.428615426158319934e+00
-1.761126590201737452e+00
1.114194213487630369e+00
1.236067978190467542e+00
-2.062849841616471558e+00
3.163725418625400465e+00
-2.589147923520292771e+00
1.670270903861529543e+00
7.298397946833544874e-10
-1.670270905074566548e+00
2.589147924149611590e+00
-3.163725418431998726e+00
2.062849840703224302e+00
-1.236067976799661849e+00
-1.114194214881716327e+00
1.761126591205398828e+00
-3.428615426419819201e+00
2.253502662420912905e+00
-2.351141008571401070e+00
-4.490524318892521460e-01
7.607139170251208116e-01
-3.357888667903468516e+00
2.223566942466592256e+00
-3.236067977062833112e+00
2.600457318689476383e-01
-3.141627355580474124e-01
-2.958468370788630342e+00
1.975972997683950405e+00
-3.804226064949774777e+00
9.436888075453525593e-01
-1.358286950681211191e+00
-2.269452576683803624e+00
1.534957048478184483e+00
-4.000000000000000000e+00
1.534957047676595021e+00
-2.269452575333000599e+00
-1.358286952166262829e+00
9.436888086939188014e-01
-3.804226065414524349e+00
1.975972997308481638e+00
-2.958468369706291234e+00
-3.141627370293005317e-01
2.600457332495250684e-01
-3.236067977946840202e+00
2.223566942552536396e+00
-3.357888667193071885e+00
7.607139157089757298e-01
-4.490524304096805697e-01
-2.351141009788131342e+00
2.253502662960861436e+00
-3.428615426150391610e+00
1.761126590171327777e+00
-1.114194213445379944e+00
-1.236067978232609166e+00
2.062849841644151194e+00
-3.163725418631227804e+00
2.589147923501227133e+00
-1.670270903824765396e+00
-7.741217927415182134e-10
1.670270905109027204e+00
-2.589147924167515935e+00
3.163725418426513336e+00
-2.062849840677283719e+00
1.236067976760115039e+00
1.114194214921323978e+00
-1.761126591233941330e+00
3.428615426427236823e+00
-2.253502662406032364e+00
2.351141008537760424e+00
4.490524319328529912e-01
-7.607139170638984593e-01
3.357888667924405546e+00
-2.223566942464038299e+00
3.236067977036788168e+00
-2.600457318282644037e-01
3.141627355147117440e-01
2.958468370820525273e+00
-1.975972997695011557e+00
3.804226064936090612e+00
-9.436888075136714571e-01
1.358286950640240187e+00
2.269452576721065817e+00
-1.534957048500298349e+00
4.000000000000000000e+00
-1.534957047654480711e+00
2.269452575295738406e+00
1.358286952207228726e+00
-9.436888087255996815e-01
3.804226065427373626e+00
-1.975972997297430922e+00
2.958468369674396747e+00
3.141627370726499668e-01
-2.600457332902235130e-01
3.236067977972884702e+00
-2.223566942555072146e+00
3.357888667172134856e+00
-7.607139156701978600e-01
4.490524303660796690e-01
2.351141009823979111e+00
-2.253502662975741977e+00
3.428615426142949119e+00
-1.761126590142785275e+00
1.114194213405772294e+00
1.236067978272128887e+00
-2.062849841670091777e+00
3.163725418636740727e+00
-2.589147923483351654e+00
1.670270903790304740e+00
8.157037284037934553e-10
-1.670270905145791573e+00
2.589147924186581573e+00
-3.163725418420658464e+00
2.062849840649604527e+00
-1.236067976717973194e+00
-1.114194214963601048e+00
1.761126591264351005e+00
-3.428615426435165592e+00
2.253502662390123312e+00
-2.351141008501912211e+00
-4.490524319737305703e-01
7.607139171002643696e-01
-3.357888667944027183e+00
2.223566942461673968e+00
-3.236067977012346830e+00
2.600457317901182508e-01
-3.141627354740422762e-01
-2.958468370850430684e+00
1.975972997705394807e+00
-3.804226064923241335e+00
9.436888074798882586e-01
-1.358286950596562459e+00
-2.269452576760799811e+00
1.534957048523875045e+00
-4.000000000000000000e+00
1.534957047630906235e+00
-2.269452575256007520e+00
-1.358286952250906454e+00
9.436888087593899854e-01
-3.804226065441066673e+00
1.975972997287047894e+00
-2.958468369644491336e+00
-3.141627371133193236e-01
2.600457333283696659e-01
-3.236067977997326039e+00
2.223566942557436921e+00
-3.357888667152494122e+00
7.607139156338111885e-01
-4.490524303252020899e-01
-2.351141009857597108e+00
2.253502662991627048e+00
-3.428615426135019906e+00
1.761126590112401136e+00
-1.114194213363521868e+00
-1.236067978314270510e+00
2.062849841697770970e+00
-3.163725418642596043e+00
2.589147923464286016e+00
-1.670270903753540592e+00
